Coding Assignment Solution: ----->
Question No: 3.2.3

Random State : 33 

Total Explained Variance for both y outputs together: 
  Generative Linear Regression : 0.8064734153539994
  Linear Regression : 0.8064734157355236
  Linear Gaussian Systems : 0.8064734157359548


Train indices: [ 76 270 244 209  14 161 319 317 116 153 178  28 311 199  82 266 151 365
 121  75 127 118 226  91 108 186 106 332 324 306 328 370 223 156  71 305
 262 104 159 117  22 339 337 275 335 180 191 120   9   6 318 315 260 368
  90  45 187 347 115 225 133  65  73  18 293 227  12 192  21 247 296 188
 230 135 171 263 237 130 129 233 109  78 278 100   2 141 111 139 272 307
  39  63 277 222  30 261 218   3 168  37  41 245 132  74  51 284  48 326
 105  32  19 219 202  46 197 255 107 251 113 367  86 124 238 345  13 330
 256 170 179  88 308  10  40 206 175  97  36  49 190 257  60 203  55  53
 281 236 160  26 354 235 131 252 210 342  67 138   7  83  99  23 232 344
  84  16 246 364  80 336 150 231 172  31 333  33 291 301 211  61 102 195
  57 201 146  66 216  20]

Generative Linear Regression:

  For inference, Y = (X_test - mean(X_train)) @ W + b
    *** Also center Y_test using mean(Y_train) for computing explained variance.
W = [[-1.94218920e-02  8.25376979e-03]
 [ 6.50501829e-02 -3.23143881e-02]
 [-1.07344881e+00  2.25861065e+00]
 [ 3.89350233e+01  8.78277564e-01]
 [-1.22676912e+01 -4.70521407e-01]
 [ 3.66283535e-02  5.63190859e-03]
 [-1.45310136e-01 -1.00256310e-02]
 [ 3.76975644e-02 -2.64175128e-02]
 [-1.07991248e+00  1.52602971e+00]
 [-1.80131289e-03 -5.32102351e-02]
 [ 3.46538655e+01  9.91201948e+00]
 [ 1.20640842e+00 -4.13048820e-03]
 [-1.17751756e-01  6.51482367e-02]
 [ 2.54973241e-01 -1.20967746e-01]
 [ 9.99193649e-01 -3.67177340e-01]
 [-8.73099637e-02  1.48795919e-02]
 [-1.85865820e-02  5.24634854e-03]
 [ 4.20290017e-01 -1.16947196e-01]
 [-4.07113460e+00  1.64913826e+00]
 [-4.60927565e+00  1.94838311e+00]
 [-2.05939091e-02  9.86158888e-03]
 [ 4.41008905e-01 -2.31169725e-01]
 [-1.63111592e+00  7.46087080e-01]
 [-1.03806983e+00 -5.87878106e-02]
 [-5.07936770e-02 -1.86733124e-02]
 [-2.52169742e-01 -5.52288351e-02]
 [ 1.04348095e-01  7.84213613e-03]
 [ 4.96643013e-01 -1.64060873e-01]
 [-9.62701061e-02 -3.96955519e-02]
 [-1.82504937e+00  8.99779769e-01]
 [-3.86847239e-03  1.55227296e-03]
 [-2.79929809e-02  2.44930345e-02]
 [ 1.39779230e+00 -5.56122576e-01]
 [ 2.34250752e+00 -9.76172157e-01]
 [ 5.30296323e-02 -4.85412722e-02]
 [ 2.38343158e-02 -2.32415110e-03]
 [ 1.70210809e-01 -1.25335542e-02]
 [ 1.07254371e+00 -5.18232741e-01]
 [-3.42991899e+00  1.33092417e+00]
 [ 5.21038261e-02 -2.74906681e-02]
 [ 9.18654062e-01 -4.33308460e-01]
 [-9.13979453e-01  2.12855211e-01]
 [ 1.56815775e+00 -5.21404145e-01]
 [-6.98674504e-04 -1.13628698e-03]
 [-4.17918470e-01  8.39205458e-02]
 [ 2.27293969e-01 -3.85535239e-02]
 [ 7.05581939e-01 -2.44656850e-01]
 [ 7.87322644e-03  3.08546225e-02]
 [ 4.93102070e-01 -8.15572372e-02]
 [ 4.29913718e-03 -1.14500934e-03]
 [-3.27539425e-01  3.50554225e-02]
 [ 1.60871121e+00 -6.57184356e-01]
 [ 4.41730131e-01 -3.02646807e-01]
 [ 2.45170682e-01 -1.03284405e-01]
 [ 1.56312664e-02 -7.13554351e-03]
 [ 6.78396978e-02 -4.29976921e-03]
 [ 8.92889148e-01 -4.29795344e-01]
 [-8.64057041e-01  8.96807273e-01]
 [ 1.35005726e-02 -1.02643740e-02]
 [-9.08866022e-01  3.61247951e-01]
 [-1.30151697e+00 -2.72327843e-02]
 [ 1.23396007e+00 -1.64818572e-01]
 [-1.51157165e-01  4.05994301e-02]
 [ 2.01287996e-01 -1.65332291e-02]
 [ 6.81453507e-01 -2.54323142e-01]
 [ 4.78957963e-01 -1.64964171e-01]
 [-2.07935244e-01  5.02845850e-02]
 [ 5.05666635e-01 -8.53716521e-02]
 [-4.26005881e-03  1.03877981e-03]
 [-1.52566674e-01  4.88840277e-02]
 [ 5.50619133e-01 -2.32108653e-01]
 [-1.03971935e-01 -1.32800474e-01]
 [-1.08426191e-02  3.84068660e-02]
 [-1.90157943e-02  1.42048585e-03]
 [ 1.20685558e-01 -4.68921808e-02]
 [ 2.33774853e+00 -1.09579847e+00]
 [ 1.33012663e+00  3.02496881e-01]
 [ 2.05032875e-02 -2.28575689e-03]
 [-5.80715874e-01  2.91318873e-01]
 [-8.59677421e-01  8.32806763e-02]
 [-9.79738835e-01  2.18011302e-01]
 [ 1.46010571e-01 -2.02734480e-02]
 [-2.83539767e-01  1.43527289e-01]
 [ 1.21453036e+00 -4.85619330e-01]
 [ 2.14429298e-01 -4.76582703e-02]
 [ 2.90348410e-01 -6.93779772e-02]
 [ 4.78078761e-01 -7.88826660e-02]
 [ 1.92785752e-03 -6.55258081e-04]
 [-3.89267435e-01  9.17214152e-02]
 [ 1.29080393e+00 -5.02707035e-01]
 [-6.86748742e-01  1.88813613e-01]
 [ 7.51771728e-01 -2.74614086e-01]
 [-8.18766400e-03  5.04670372e-03]
 [-1.41777845e-01  3.26956604e-02]
 [ 3.22002460e+00 -1.24431188e+00]
 [-4.95186377e-01  1.09072002e+00]
 [ 1.12473000e-01 -4.35002723e-02]
 [ 6.99493095e-01 -2.51968918e-01]
 [-3.67610867e-01  2.01507747e-01]
 [ 9.40260959e-01 -4.19391229e-01]
 [-3.24437806e-01  6.71365458e-02]
 [-1.18349370e-03 -1.23324303e-01]
 [ 1.17095368e+00 -4.76606120e-01]
 [ 8.92282197e-01 -3.26985577e-01]
 [-3.91326776e-02  2.76049839e-02]
 [ 2.40497820e+00 -1.02300562e+00]
 [-3.28584255e-03  1.12353199e-03]]
b = [-35664.56534876   5581.22870223]
Explained variances: [0.9194314844460917, 0.6935153462619064]

Scikit-Learn Linear Regression:

  For inference, Y = X_test @ W + b
W = [[-1.94218921e-02  8.25376977e-03]
 [ 6.50501834e-02 -3.23143880e-02]
 [-1.07344880e+00  2.25861065e+00]
 [ 3.89350233e+01  8.78277563e-01]
 [-1.22676912e+01 -4.70521407e-01]
 [ 3.66283535e-02  5.63190859e-03]
 [-1.45310136e-01 -1.00256310e-02]
 [ 3.76975644e-02 -2.64175128e-02]
 [-1.07991248e+00  1.52602971e+00]
 [-1.80131282e-03 -5.32102351e-02]
 [ 3.46538655e+01  9.91201948e+00]
 [ 1.20640842e+00 -4.13048820e-03]
 [-1.17751758e-01  6.51482365e-02]
 [ 2.54973243e-01 -1.20967745e-01]
 [ 9.99193654e-01 -3.67177339e-01]
 [-8.73099639e-02  1.48795919e-02]
 [-1.85865822e-02  5.24634852e-03]
 [ 4.20290019e-01 -1.16947195e-01]
 [-4.07113462e+00  1.64913826e+00]
 [-4.60927568e+00  1.94838311e+00]
 [-2.05939093e-02  9.86158886e-03]
 [ 4.41008908e-01 -2.31169725e-01]
 [-1.63111593e+00  7.46087079e-01]
 [-1.03806983e+00 -5.87878115e-02]
 [-5.07936772e-02 -1.86733124e-02]
 [-2.52169743e-01 -5.52288354e-02]
 [ 1.04348095e-01  7.84213616e-03]
 [ 4.96643016e-01 -1.64060873e-01]
 [-9.62701053e-02 -3.96955518e-02]
 [-1.82504939e+00  8.99779767e-01]
 [-3.86847241e-03  1.55227295e-03]
 [-2.79929813e-02  2.44930344e-02]
 [ 1.39779231e+00 -5.56122574e-01]
 [ 2.34250754e+00 -9.76172155e-01]
 [ 5.30296333e-02 -4.85412720e-02]
 [ 2.38343158e-02 -2.32415109e-03]
 [ 1.70210810e-01 -1.25335541e-02]
 [ 1.07254372e+00 -5.18232740e-01]
 [-3.42991901e+00  1.33092417e+00]
 [ 5.21038265e-02 -2.74906681e-02]
 [ 9.18654069e-01 -4.33308459e-01]
 [-9.13979453e-01  2.12855211e-01]
 [ 1.56815776e+00 -5.21404144e-01]
 [-6.98674487e-04 -1.13628698e-03]
 [-4.17918472e-01  8.39205456e-02]
 [ 2.27293970e-01 -3.85535238e-02]
 [ 7.05581942e-01 -2.44656850e-01]
 [ 7.87322566e-03  3.08546224e-02]
 [ 4.93102073e-01 -8.15572368e-02]
 [ 4.29913719e-03 -1.14500933e-03]
 [-3.27539427e-01  3.50554223e-02]
 [ 1.60871122e+00 -6.57184354e-01]
 [ 4.41730134e-01 -3.02646806e-01]
 [ 2.45170683e-01 -1.03284405e-01]
 [ 1.56312666e-02 -7.13554348e-03]
 [ 6.78396991e-02 -4.29976903e-03]
 [ 8.92889153e-01 -4.29795343e-01]
 [-8.64057045e-01  8.96807272e-01]
 [ 1.35005726e-02 -1.02643740e-02]
 [-9.08866027e-01  3.61247950e-01]
 [-1.30151697e+00 -2.72327846e-02]
 [ 1.23396007e+00 -1.64818572e-01]
 [-1.51157166e-01  4.05994300e-02]
 [ 2.01287997e-01 -1.65332290e-02]
 [ 6.81453511e-01 -2.54323141e-01]
 [ 4.78957966e-01 -1.64964170e-01]
 [-2.07935246e-01  5.02845848e-02]
 [ 5.05666638e-01 -8.53716517e-02]
 [-4.26005884e-03  1.03877980e-03]
 [-1.52566675e-01  4.88840275e-02]
 [ 5.50619136e-01 -2.32108653e-01]
 [-1.03971934e-01 -1.32800474e-01]
 [-1.08426195e-02  3.84068659e-02]
 [-1.90157943e-02  1.42048584e-03]
 [ 1.20685559e-01 -4.68921807e-02]
 [ 2.33774855e+00 -1.09579847e+00]
 [ 1.33012662e+00  3.02496880e-01]
 [ 2.05032876e-02 -2.28575688e-03]
 [-5.80715878e-01  2.91318872e-01]
 [-8.59677427e-01  8.32806756e-02]
 [-9.79738839e-01  2.18011301e-01]
 [ 1.46010572e-01 -2.02734480e-02]
 [-2.83539769e-01  1.43527289e-01]
 [ 1.21453037e+00 -4.85619329e-01]
 [ 2.14429299e-01 -4.76582702e-02]
 [ 2.90348412e-01 -6.93779769e-02]
 [ 4.78078764e-01 -7.88826656e-02]
 [ 1.92785754e-03 -6.55258079e-04]
 [-3.89267438e-01  9.17214149e-02]
 [ 1.29080393e+00 -5.02707034e-01]
 [-6.86748745e-01  1.88813613e-01]
 [ 7.51771732e-01 -2.74614085e-01]
 [-8.18766410e-03  5.04670371e-03]
 [-1.41777846e-01  3.26956602e-02]
 [ 3.22002462e+00 -1.24431187e+00]
 [-4.95186386e-01  1.09072002e+00]
 [ 1.12473001e-01 -4.35002721e-02]
 [ 6.99493099e-01 -2.51968918e-01]
 [-3.67610871e-01  2.01507747e-01]
 [ 9.40260966e-01 -4.19391228e-01]
 [-3.24437808e-01  6.71365455e-02]
 [-1.18349285e-03 -1.23324303e-01]
 [ 1.17095369e+00 -4.76606119e-01]
 [ 8.92282202e-01 -3.26985576e-01]
 [-3.91326778e-02  2.76049838e-02]
 [ 2.40497822e+00 -1.02300562e+00]
 [-3.28584257e-03  1.12353199e-03]]
b = [-35664.56555846   5581.22867408]
Explained variances: [0.9194314836860243, 0.6935153477850224]

Linear Gaussian System:

  For inference, Y = X_test @ W + b
W = [[-1.94218921e-02  8.25376977e-03]
 [ 6.50501834e-02 -3.23143880e-02]
 [-1.07344880e+00  2.25861065e+00]
 [ 3.89350233e+01  8.78277563e-01]
 [-1.22676912e+01 -4.70521407e-01]
 [ 3.66283535e-02  5.63190859e-03]
 [-1.45310136e-01 -1.00256310e-02]
 [ 3.76975644e-02 -2.64175128e-02]
 [-1.07991248e+00  1.52602971e+00]
 [-1.80131282e-03 -5.32102351e-02]
 [ 3.46538655e+01  9.91201948e+00]
 [ 1.20640842e+00 -4.13048820e-03]
 [-1.17751758e-01  6.51482365e-02]
 [ 2.54973243e-01 -1.20967745e-01]
 [ 9.99193654e-01 -3.67177339e-01]
 [-8.73099639e-02  1.48795919e-02]
 [-1.85865822e-02  5.24634852e-03]
 [ 4.20290019e-01 -1.16947195e-01]
 [-4.07113462e+00  1.64913826e+00]
 [-4.60927568e+00  1.94838311e+00]
 [-2.05939093e-02  9.86158886e-03]
 [ 4.41008908e-01 -2.31169725e-01]
 [-1.63111593e+00  7.46087079e-01]
 [-1.03806983e+00 -5.87878115e-02]
 [-5.07936772e-02 -1.86733124e-02]
 [-2.52169743e-01 -5.52288354e-02]
 [ 1.04348095e-01  7.84213616e-03]
 [ 4.96643016e-01 -1.64060873e-01]
 [-9.62701053e-02 -3.96955518e-02]
 [-1.82504939e+00  8.99779767e-01]
 [-3.86847241e-03  1.55227295e-03]
 [-2.79929813e-02  2.44930344e-02]
 [ 1.39779231e+00 -5.56122574e-01]
 [ 2.34250754e+00 -9.76172155e-01]
 [ 5.30296333e-02 -4.85412720e-02]
 [ 2.38343158e-02 -2.32415109e-03]
 [ 1.70210810e-01 -1.25335541e-02]
 [ 1.07254372e+00 -5.18232740e-01]
 [-3.42991901e+00  1.33092417e+00]
 [ 5.21038265e-02 -2.74906681e-02]
 [ 9.18654069e-01 -4.33308459e-01]
 [-9.13979453e-01  2.12855211e-01]
 [ 1.56815776e+00 -5.21404144e-01]
 [-6.98674487e-04 -1.13628698e-03]
 [-4.17918472e-01  8.39205456e-02]
 [ 2.27293970e-01 -3.85535238e-02]
 [ 7.05581942e-01 -2.44656850e-01]
 [ 7.87322566e-03  3.08546224e-02]
 [ 4.93102073e-01 -8.15572368e-02]
 [ 4.29913719e-03 -1.14500933e-03]
 [-3.27539427e-01  3.50554223e-02]
 [ 1.60871122e+00 -6.57184354e-01]
 [ 4.41730134e-01 -3.02646806e-01]
 [ 2.45170683e-01 -1.03284405e-01]
 [ 1.56312666e-02 -7.13554348e-03]
 [ 6.78396991e-02 -4.29976903e-03]
 [ 8.92889153e-01 -4.29795343e-01]
 [-8.64057045e-01  8.96807272e-01]
 [ 1.35005726e-02 -1.02643740e-02]
 [-9.08866027e-01  3.61247950e-01]
 [-1.30151697e+00 -2.72327846e-02]
 [ 1.23396007e+00 -1.64818572e-01]
 [-1.51157166e-01  4.05994300e-02]
 [ 2.01287997e-01 -1.65332290e-02]
 [ 6.81453511e-01 -2.54323141e-01]
 [ 4.78957966e-01 -1.64964170e-01]
 [-2.07935246e-01  5.02845848e-02]
 [ 5.05666638e-01 -8.53716517e-02]
 [-4.26005884e-03  1.03877980e-03]
 [-1.52566675e-01  4.88840275e-02]
 [ 5.50619136e-01 -2.32108653e-01]
 [-1.03971934e-01 -1.32800474e-01]
 [-1.08426195e-02  3.84068659e-02]
 [-1.90157943e-02  1.42048584e-03]
 [ 1.20685559e-01 -4.68921807e-02]
 [ 2.33774855e+00 -1.09579847e+00]
 [ 1.33012662e+00  3.02496880e-01]
 [ 2.05032876e-02 -2.28575688e-03]
 [-5.80715878e-01  2.91318872e-01]
 [-8.59677427e-01  8.32806756e-02]
 [-9.79738839e-01  2.18011301e-01]
 [ 1.46010572e-01 -2.02734480e-02]
 [-2.83539769e-01  1.43527289e-01]
 [ 1.21453037e+00 -4.85619329e-01]
 [ 2.14429299e-01 -4.76582702e-02]
 [ 2.90348412e-01 -6.93779769e-02]
 [ 4.78078764e-01 -7.88826656e-02]
 [ 1.92785754e-03 -6.55258079e-04]
 [-3.89267438e-01  9.17214149e-02]
 [ 1.29080393e+00 -5.02707034e-01]
 [-6.86748745e-01  1.88813613e-01]
 [ 7.51771732e-01 -2.74614085e-01]
 [-8.18766410e-03  5.04670371e-03]
 [-1.41777846e-01  3.26956602e-02]
 [ 3.22002462e+00 -1.24431187e+00]
 [-4.95186386e-01  1.09072002e+00]
 [ 1.12473001e-01 -4.35002721e-02]
 [ 6.99493099e-01 -2.51968918e-01]
 [-3.67610871e-01  2.01507747e-01]
 [ 9.40260966e-01 -4.19391228e-01]
 [-3.24437808e-01  6.71365455e-02]
 [-1.18349285e-03 -1.23324303e-01]
 [ 1.17095369e+00 -4.76606119e-01]
 [ 8.92282202e-01 -3.26985576e-01]
 [-3.91326778e-02  2.76049838e-02]
 [ 2.40497822e+00 -1.02300562e+00]
 [-3.28584257e-03  1.12353199e-03]]
b = [-35664.56555846   5581.22867408]
Explained variances: [0.9194314836866078, 0.6935153477853008]



